image: jurnal_tepat_ver2.pgm
resolution: 0.050000
origin: [-3.960168, -3.110988, 0.000000]
negate: 0
occupied_thresh: 0.65
free_thresh: 0.196

